695895 211.08 3.5747e+06
695895 211.08 3.5747e+06
695553 180.481 3.57436e+06
695452 198.417 3.57425e+06
695285 233.96 3.57409e+06
695153 277.242 3.57396e+06
695010 298.7 3.57383e+06
694898 327.631 3.57372e+06
694593 282.644 3.57342e+06
694474 279.91 3.57331e+06
694374 317.252 3.57322e+06
694277 347.223 3.57314e+06
693954 434.202 3.57285e+06
693948 435.705 3.57285e+06
693593 331.93 3.57249e+06
693226 415.751 3.57215e+06
693159 416.097 3.57209e+06
692770 374.251 3.57179e+06
692437 396.932 3.57149e+06
692391 382.86 3.57145e+06
692370 380.688 3.57143e+06
692098 324.582 3.57119e+06
691893 324.852 3.57099e+06
691715 305.837 3.57082e+06
691410 344.229 3.57053e+06
691263 362.087 3.57039e+06
691002 333.267 3.57014e+06
690740 389.665 3.56987e+06
690338 392.489 3.5695e+06
690236 391.181 3.56941e+06
690130 361.826 3.56933e+06
689814 345.782 3.56909e+06
689429 92.4784 3.56876e+06
689410 77.7843 3.56874e+06
689396 76.4031 3.56873e+06
689183 49.7805 3.56853e+06
688993 68.8378 3.56835e+06
688961 59.66 3.56832e+06
688841 83.0665 3.5682e+06
688678 107.144 3.56804e+06
688590 141.88 3.56796e+06
688443 184.226 3.56782e+06
688337 205.297 3.56772e+06
688044 238.665 3.56743e+06
687952 242.526 3.56733e+06
687903 245.896 3.56728e+06
687753 270.445 3.56712e+06
687497 330.189 3.56687e+06
687436 329.449 3.56681e+06
687263 289.964 3.56662e+06
687134 293.573 3.5665e+06
686956 313.473 3.56632e+06
686781 328.73 3.56615e+06
686610 340.826 3.56598e+06
686415 360.97 3.56579e+06
686104 471.21 3.5655e+06
