695895 211.08 3.5747e+06
696026 162.347 3.5744e+06
696133 133.239 3.57419e+06
696215 73.0561 3.57397e+06
696306 -8.84951 3.57375e+06
696378 -104.798 3.57355e+06
696436 -125.773 3.5734e+06
696534 -84.7842 3.57314e+06
696604 -69.1254 3.57295e+06
696652 -50.2572 3.57282e+06
696763 -46.9131 3.57252e+06
696794 -49.4387 3.57243e+06
697057 -1.76432 3.57174e+06
697057 -1.46826 3.57174e+06
697058 -1.24332 3.57174e+06
697193 36.0286 3.57148e+06
697287 86.6603 3.57127e+06
697482 239.976 3.57086e+06
697495 248.669 3.57083e+06
697731 355.928 3.57033e+06
697738 360.05 3.57032e+06
697744 365.523 3.5703e+06
697948 451.136 3.56983e+06
697967 438.967 3.56978e+06
698117 337.695 3.56932e+06
698262 250.856 3.56892e+06
698273 250.548 3.5689e+06
698279 249.883 3.56888e+06
698405 144.945 3.56838e+06
698440 118.861 3.56825e+06
698442 118.272 3.56824e+06
698445 116.909 3.56824e+06
698635 93.2909 3.56775e+06
698723 30.8399 3.5675e+06
698809 -30.7515 3.56724e+06
698955 -192.592 3.56677e+06
698980 -213.146 3.5667e+06
698986 -206.517 3.56668e+06
699108 -163.797 3.56632e+06
699139 -113.276 3.56621e+06
699376 -91.4655 3.56571e+06
699412 -84.5264 3.56563e+06
699429 -84.6711 3.5656e+06
699619 -49.2259 3.56521e+06
699728 -67.1156 3.56501e+06
699914 -77.3948 3.56464e+06
699938 -82.1892 3.5646e+06
699962 -88.4726 3.56456e+06
700134 -101.138 3.56424e+06
700192 -85.4384 3.56412e+06
700310 -20.8437 3.56386e+06
700385 -17.4841 3.56369e+06
700429 -0.3588 3.5636e+06
700652 167.749 3.56319e+06
700682 186.888 3.56313e+06
700694 198.15 3.56311e+06
700877 281.11 3.56274e+06
701065 377.843 3.56235e+06
701097 411.081 3.56229e+06
701145 446.509 3.56221e+06
701312 498.74 3.56194e+06
701494 547.898 3.56162e+06
701544 553.123 3.56154e+06
701725 578.283 3.56124e+06
701805 582.667 3.56111e+06
701818 585.318 3.56108e+06
701829 588.287 3.56106e+06
702042 632.26 3.56069e+06
