695895 211.08 3.5747e+06
695895 211.08 3.5747e+06
695858 117.897 3.57508e+06
695855 113.375 3.57512e+06
695789 80.5565 3.57562e+06
695778 69.2297 3.57572e+06
695769 52.0505 3.57579e+06
695731 27.0513 3.57605e+06
695718 7.39091 3.57614e+06
695703 -44.4281 3.57655e+06
695702 -44.9164 3.57657e+06
695699 -54.4801 3.57665e+06
695689 -139.682 3.57699e+06
695667 -186.605 3.5773e+06
695651 -185.755 3.57746e+06
695632 -183.757 3.57766e+06
695618 -195.787 3.57782e+06
695589 -160.457 3.57812e+06
695572 -139.873 3.5783e+06
695532 54.0805 3.57875e+06
695528 67.7636 3.57879e+06
695527 81.2993 3.57884e+06
695517 172.216 3.57926e+06
695503 196.827 3.57953e+06
695490 225.209 3.57976e+06
695469 225.807 3.58019e+06
695466 228.668 3.58024e+06
695464 229.004 3.58027e+06
695430 392.097 3.5807e+06
695407 428.26 3.581e+06
695393 447.196 3.58118e+06
695374 457.199 3.58139e+06
695348 468.093 3.58167e+06
695331 472.554 3.58185e+06
695307 471.462 3.58209e+06
695278 445.043 3.58236e+06
695257 430.383 3.58254e+06
695215 328.284 3.5829e+06
695205 311.646 3.58298e+06
695164 221.21 3.58332e+06
695145 209.327 3.58345e+06
695104 231.021 3.58371e+06
695063 250.686 3.58403e+06
695058 256.055 3.58407e+06
695012 285.798 3.58445e+06
695004 298.414 3.58452e+06
694946 296.773 3.58492e+06
694933 275.06 3.585e+06
694919 255.987 3.5851e+06
694880 235.676 3.58535e+06
694848 235.356 3.58556e+06
694814 289.416 3.58577e+06
694767 313.967 3.58606e+06
694749 312.401 3.58616e+06
694725 299.374 3.58627e+06
694677 269.026 3.58648e+06
694642 226.216 3.58661e+06
694593 202.447 3.58682e+06
694537 210.386 3.58706e+06
694499 221.602 3.58724e+06
694445 273.753 3.58751e+06
694353 342.208 3.58795e+06
694345 345.886 3.588e+06
694229 339.39 3.58869e+06
