695895 211.08 3.5747e+06
695895 211.08 3.5747e+06
695774 124.59 3.57502e+06
695718 106.464 3.57516e+06
695633 88.6918 3.5754e+06
695533 50.8415 3.57566e+06
695419 -29.9895 3.57597e+06
695383 -43.9334 3.57606e+06
695353 -59.4621 3.57614e+06
695212 -203.555 3.57656e+06
695143 -262.592 3.57676e+06
695012 -238.653 3.57707e+06
694967 -244.587 3.57718e+06
694793 -227.78 3.5776e+06
694629 -276.725 3.57797e+06
694568 -292.523 3.5781e+06
694448 -297.626 3.57838e+06
694420 -269.933 3.57844e+06
694360 -242.977 3.5786e+06
694300 -201.969 3.57875e+06
694244 -142.085 3.57889e+06
694132 -0.597 3.57915e+06
694012 128.842 3.57942e+06
693949 203.819 3.57956e+06
693919 223.801 3.57962e+06
693868 247.866 3.57974e+06
693692 344.582 3.58015e+06
693512 371.679 3.58059e+06
693495 368.057 3.58063e+06
693480 366.791 3.58067e+06
693336 386.907 3.58104e+06
693222 438.418 3.58132e+06
693158 469.128 3.58148e+06
693084 484.844 3.58167e+06
693037 494.754 3.58179e+06
692927 485.067 3.58207e+06
692916 483.852 3.5821e+06
692788 468.052 3.58243e+06
692729 462.969 3.58258e+06
692606 467.664 3.58288e+06
692498 412.882 3.58316e+06
692436 386.521 3.58332e+06
692241 432.486 3.58377e+06
692215 436.555 3.58384e+06
692207 438.277 3.58385e+06
692028 536.786 3.58427e+06
691985 537.879 3.58436e+06
691870 514.545 3.58461e+06
691775 505.641 3.58482e+06
691712 466.298 3.58496e+06
691574 407.851 3.58526e+06
691511 376.085 3.5854e+06
691443 348.246 3.58555e+06
691306 300.991 3.58586e+06
691259 307.695 3.58597e+06
691116 282.137 3.58629e+06
690964 307.746 3.58667e+06
690958 305.864 3.58668e+06
690949 304.802 3.58671e+06
690807 321.639 3.58704e+06
690698 349.918 3.58731e+06
690645 370.376 3.58745e+06
690558 347.051 3.58765e+06
690512 326.53 3.58776e+06
690477 310.967 3.58784e+06
690370 300.188 3.58812e+06
690166 367.19 3.58869e+06
