695895 211.08 3.5747e+06
695895 211.08 3.5747e+06
695976 93.8192 3.57503e+06
696001 69.6345 3.57511e+06
696092 9.60706 3.57543e+06
696245 -22.318 3.57582e+06
696295 -64.1335 3.57595e+06
696395 -137.337 3.57622e+06
696531 -255.892 3.57657e+06
696606 -297.31 3.57676e+06
696631 -307.021 3.57682e+06
696672 -317.686 3.57691e+06
696782 -291.407 3.57712e+06
696851 -292.953 3.57727e+06
696943 -296.426 3.57747e+06
697051 -217.239 3.57769e+06
697125 -185.417 3.57784e+06
697283 -0.702471 3.57821e+06
697325 46.323 3.57831e+06
697355 79.0344 3.57838e+06
697492 239.274 3.57872e+06
697555 224.144 3.57885e+06
697693 258.828 3.57917e+06
697753 306.249 3.57932e+06
697979 371.2 3.57987e+06
697986 373.565 3.57989e+06
697991 373.844 3.5799e+06
698149 440.237 3.58034e+06
698297 421.37 3.58065e+06
698324 406.204 3.5807e+06
698530 393.097 3.5811e+06
698666 477.556 3.58135e+06
698857 574.017 3.58171e+06
698880 585.063 3.58175e+06
698883 585.749 3.58176e+06
698928 563.159 3.58186e+06
699057 489.453 3.58215e+06
699136 460.478 3.58233e+06
699300 394.148 3.58271e+06
699335 370.409 3.58279e+06
699420 331.485 3.58297e+06
699578 247.157 3.58332e+06
699611 240.614 3.58339e+06
699654 232.684 3.58349e+06
699812 179.489 3.58384e+06
699877 144.077 3.58398e+06
700027 136.164 3.58432e+06
700033 137.852 3.58433e+06
700163 172.82 3.58463e+06
700343 175.911 3.58504e+06
700344 176.268 3.58504e+06
700496 222.468 3.58534e+06
700595 266.308 3.58553e+06
700796 404.438 3.58588e+06
700858 437.636 3.58599e+06
700998 486.277 3.58626e+06
701045 492.071 3.58635e+06
701134 465.786 3.58654e+06
701253 439.991 3.58679e+06
701323 388.232 3.58696e+06
701533 217.551 3.58745e+06
701564 195.933 3.58752e+06
701680 102.106 3.58779e+06
701801 38.8556 3.58806e+06
701869 0.871601 3.58822e+06
701922 -60.5263 3.58834e+06
702042 -68.7 3.58869e+06
