695895 211.08 3.5747e+06
695895 211.08 3.5747e+06
695636 135.735 3.57491e+06
695492 117.939 3.57504e+06
695340 95.5352 3.57516e+06
695056 42.6754 3.5754e+06
694950 13.4 3.57549e+06
694686 -45.4552 3.57571e+06
694630 -52.327 3.57576e+06
694312 -68.8174 3.57603e+06
694010 -200.532 3.57631e+06
693948 -224.272 3.57637e+06
693900 -261.216 3.57642e+06
693669 -313.826 3.57665e+06
693488 -294.186 3.57684e+06
693394 -298.419 3.57693e+06
693125 -255.728 3.57721e+06
693119 -252.373 3.57721e+06
693109 -250.619 3.57722e+06
692827 -190.303 3.57747e+06
692646 -185.121 3.57764e+06
692478 -164.911 3.57779e+06
692255 -155.884 3.578e+06
692171 -170.056 3.57807e+06
691921 -187.33 3.5783e+06
691828 -189.326 3.57839e+06
691761 -134.686 3.57845e+06
691473 -86.0947 3.57878e+06
691463 -83.4803 3.57879e+06
691247 16.4097 3.57901e+06
691090 122.427 3.57916e+06
691019 141.799 3.57922e+06
690958 163.853 3.57928e+06
690751 213.008 3.57947e+06
690605 221.36 3.57961e+06
690528 236.172 3.57968e+06
690295 261.34 3.5799e+06
690100 329.351 3.58008e+06
689921 356.315 3.58024e+06
689811 382.953 3.58035e+06
689587 391.902 3.58056e+06
689501 416.799 3.58064e+06
689239 476.254 3.58088e+06
689186 463.991 3.58093e+06
688956 418.034 3.58115e+06
688898 408.76 3.58121e+06
688878 412.867 3.58123e+06
688757 446.085 3.58132e+06
688553 510.844 3.58149e+06
688524 515.267 3.58151e+06
688479 525.747 3.58155e+06
688176 569.879 3.58183e+06
687871 571.823 3.58211e+06
687864 573.081 3.58211e+06
687858 572.107 3.58212e+06
687615 539.834 3.58234e+06
687378 479.807 3.58256e+06
687278 463.959 3.58265e+06
687208 468.565 3.58271e+06
687107 415.911 3.58282e+06
686862 385.445 3.58307e+06
686696 361.902 3.58324e+06
686504 351.83 3.58344e+06
686333 365.452 3.58362e+06
686104 420.77 3.58388e+06
