695895 211.08 3.5747e+06
695895 211.08 3.5747e+06
696196 37.9955 3.57483e+06
696296 -9.17611 3.57487e+06
696611 -98.5252 3.575e+06
696697 -133.521 3.57503e+06
697091 -189.96 3.57518e+06
697610 -165.034 3.57538e+06
697745 -155.718 3.57544e+06
698264 -88.5469 3.57565e+06
698318 -80.8008 3.57567e+06
698757 32.0586 3.57587e+06
698875 69.579 3.57593e+06
699040 32.6933 3.57599e+06
699262 -23.8879 3.57606e+06
699467 -32.8577 3.57614e+06
699808 -74.1719 3.57627e+06
700166 -138.548 3.57641e+06
700281 -161.124 3.57645e+06
700443 -143.626 3.57651e+06
700611 -78.3062 3.57658e+06
700935 -19.3915 3.57673e+06
701022 -26.7926 3.57677e+06
701455 84.829 3.577e+06
701514 97.2956 3.57703e+06
701523 100.713 3.57703e+06
701542 103.495 3.57704e+06
701944 182.112 3.57722e+06
702254 288.089 3.57737e+06
702359 321.56 3.57742e+06
702403 338.372 3.57744e+06
702527 410.765 3.57751e+06
702699 500.385 3.57759e+06
702786 554.521 3.57764e+06
703226 668.899 3.57784e+06
703330 655.355 3.57788e+06
703887 688.323 3.5781e+06
703937 690.067 3.57812e+06
703945 689.777 3.57813e+06
703952 690.75 3.57813e+06
703977 687.271 3.57814e+06
704392 573.786 3.57836e+06
704662 536.455 3.57848e+06
704912 485.018 3.57859e+06
705056 480.619 3.57865e+06
705527 470.093 3.57884e+06
705649 467.593 3.57889e+06
706104 490.69 3.57907e+06
