695895 211.08 3.5747e+06
695895 211.08 3.5747e+06
695892 206.725 3.5743e+06
695883 224.622 3.57421e+06
695835 203.68 3.57389e+06
695742 113.009 3.57342e+06
695722 91.4576 3.57333e+06
695713 80.3264 3.57315e+06
695694 51.6795 3.57288e+06
695666 -11.2151 3.57268e+06
695651 -17.8866 3.57252e+06
695642 -22.792 3.57243e+06
695610 -62.3066 3.57209e+06
695606 -68.7535 3.57206e+06
695539 -45.2607 3.57137e+06
695528 -37.8873 3.57126e+06
695522 -46.4894 3.5712e+06
695487 -72.9697 3.57082e+06
695467 -63.4911 3.5706e+06
695449 -23.5032 3.57038e+06
695425 -46.8298 3.5701e+06
695411 -88.0434 3.56992e+06
695388 -133.867 3.56965e+06
695377 -153.825 3.56952e+06
695347 -110.972 3.56934e+06
695311 -87.8821 3.5691e+06
695283 -77.8323 3.56891e+06
695250 -76.8352 3.56868e+06
695194 -46.2473 3.5683e+06
695149 -71.6111 3.56803e+06
695085 -137.862 3.56768e+06
695001 -184.094 3.56717e+06
694999 -185.118 3.56716e+06
694999 -185.219 3.56715e+06
694934 -216.4 3.56674e+06
694892 -186.494 3.56632e+06
694856 -207.54 3.56602e+06
694842 -216.959 3.56589e+06
694802 -223.564 3.56554e+06
694792 -205.811 3.56547e+06
694787 -202.482 3.56541e+06
694758 -184.207 3.56512e+06
694691 -108.664 3.56476e+06
694686 -103.599 3.56473e+06
694583 -3.00196 3.56416e+06
694568 9.9464 3.56406e+06
694539 30.5301 3.56384e+06
694506 55.3622 3.56358e+06
694477 57.7002 3.56327e+06
694460 59.2847 3.5631e+06
694450 36.114 3.56285e+06
694431 25.7689 3.56259e+06
694417 28.9134 3.56245e+06
694367 83.0795 3.56216e+06
694310 111.99 3.56172e+06
694244 169.619 3.56105e+06
694243 178.875 3.56101e+06
694229 219.83 3.56069e+06
