695895 211.08 3.5747e+06
695939 210.34 3.5743e+06
695932 152.691 3.57383e+06
695918 94.7859 3.57359e+06
695905 23.1003 3.57335e+06
695920 -17.8977 3.57293e+06
695925 -8.64957 3.57287e+06
695937 0.234715 3.5728e+06
695980 -8.81443 3.57255e+06
696010 -23.134 3.57226e+06
696023 -38.0962 3.57212e+06
696039 -64.0633 3.57197e+06
696056 -44.6523 3.57174e+06
696083 -7.42406 3.57134e+06
696100 29.7893 3.57108e+06
696118 23.585 3.57092e+06
696147 31.3822 3.5706e+06
696152 42.6844 3.57051e+06
696173 36.5991 3.57029e+06
696190 139.365 3.5699e+06
696204 144.65 3.56978e+06
696247 134.601 3.56951e+06
696271 127.278 3.56935e+06
696313 134.301 3.56898e+06
696318 134.028 3.56894e+06
696329 132.456 3.56886e+06
696382 137.077 3.56845e+06
696409 123.931 3.56827e+06
696456 85.8234 3.56801e+06
696484 64.2758 3.56784e+06
696542 20.7813 3.5675e+06
696565 -1.1548 3.56739e+06
696637 -77.4275 3.56703e+06
696677 -146.246 3.56686e+06
696698 -140.997 3.56679e+06
696803 -154.867 3.56641e+06
696866 -98.1036 3.56617e+06
696941 -123.796 3.5658e+06
696985 -109.253 3.56562e+06
697077 -64.5657 3.56528e+06
697100 -40.6255 3.56522e+06
697207 40.1653 3.56487e+06
697273 108.551 3.56455e+06
697291 106.785 3.56438e+06
697394 253.632 3.56387e+06
697429 304.923 3.56369e+06
697493 375.726 3.56339e+06
697537 436.14 3.56318e+06
697548 444.344 3.56312e+06
697616 502.267 3.56278e+06
697643 494.356 3.56263e+06
697691 504.36 3.56237e+06
697749 511.869 3.56206e+06
697779 505.541 3.56189e+06
697838 486.962 3.56155e+06
697856 477.059 3.56143e+06
697924 446.689 3.56103e+06
697933 438.189 3.56098e+06
697979 429.65 3.56069e+06
