695895 211.08 3.5747e+06
696110 115.607 3.57451e+06
696294 48.2378 3.57434e+06
696497 -29.5125 3.57418e+06
696601 -99.3182 3.57408e+06
696822 -133.904 3.57391e+06
696844 -132.02 3.57389e+06
696853 -132.004 3.57388e+06
697061 -83.804 3.5737e+06
697295 -79.5288 3.57351e+06
697373 -75.9368 3.57344e+06
697473 -55.5888 3.57336e+06
697736 45.9793 3.57314e+06
698031 18.236 3.57292e+06
698138 12.7097 3.57284e+06
698244 90.774 3.57274e+06
698489 222.222 3.57253e+06
698772 268.34 3.57228e+06
699141 296.081 3.57197e+06
699303 310.347 3.57183e+06
699403 381.825 3.57173e+06
699661 471.878 3.57148e+06
699753 499.565 3.57139e+06
699969 533.841 3.57118e+06
700268 579.625 3.57089e+06
700331 581.823 3.57083e+06
700365 571.999 3.5708e+06
700418 545.857 3.57076e+06
700740 414.217 3.5705e+06
700950 322.558 3.57033e+06
701111 269.636 3.57019e+06
701200 261.593 3.57011e+06
701434 352.194 3.56985e+06
701491 367.43 3.56979e+06
701546 381.063 3.56974e+06
701791 422.726 3.5695e+06
701849 424.629 3.56945e+06
701976 407.924 3.56934e+06
702091 399.823 3.56924e+06
702127 396.528 3.56921e+06
702200 390.451 3.56915e+06
702496 384.359 3.56889e+06
702663 360.172 3.56875e+06
702864 297.486 3.5686e+06
702994 257.849 3.5685e+06
703229 176.744 3.56832e+06
703448 115.128 3.56815e+06
703582 93.1925 3.56804e+06
703675 99.643 3.56795e+06
703907 145.524 3.56772e+06
703992 169.423 3.56764e+06
704194 243.288 3.56743e+06
704262 271.3 3.56736e+06
704295 287.374 3.56732e+06
704584 514.94 3.56701e+06
704713 630.539 3.56686e+06
704799 675.036 3.56677e+06
705104 735.756 3.56647e+06
705106 735.265 3.56646e+06
705111 732.978 3.56646e+06
705422 614.402 3.56615e+06
705533 584.085 3.56605e+06
705804 535.552 3.5658e+06
706104 425.17 3.5655e+06
