695895 211.08 3.5747e+06
695895 211.08 3.5747e+06
695322 161.197 3.57442e+06
695292 162.663 3.57441e+06
694845 254.801 3.5742e+06
694702 231.148 3.57412e+06
694368 181.828 3.57393e+06
694355 178.878 3.57392e+06
694338 180.229 3.57391e+06
693973 192.47 3.5737e+06
693694 288.35 3.57357e+06
693595 323.856 3.57353e+06
693506 333.193 3.57348e+06
693010 259.2 3.5732e+06
692632 98.0758 3.57299e+06
692055 38.76 3.57269e+06
691700 -10.0322 3.57249e+06
691588 -21.5219 3.57243e+06
691405 -44.6425 3.57233e+06
691097 -78.0824 3.57217e+06
691054 -71.6586 3.57214e+06
691029 -72.2449 3.57213e+06
690813 -19.7523 3.57203e+06
690679 -11.5972 3.57196e+06
690455 -32.9848 3.57185e+06
690331 -51.9721 3.57178e+06
690073 1.11571 3.57166e+06
689860 48.4088 3.57157e+06
689439 174.652 3.57137e+06
689428 177.904 3.57137e+06
689423 179.862 3.57136e+06
689085 315.906 3.57121e+06
688812 429.991 3.57108e+06
688698 458.977 3.57103e+06
688351 493.917 3.57086e+06
688227 514.085 3.57079e+06
688019 502.566 3.57068e+06
687854 524.899 3.57059e+06
687769 509.007 3.57055e+06
687466 468.643 3.57041e+06
687369 480.183 3.57036e+06
687145 444.132 3.57026e+06
687060 449.216 3.57022e+06
686769 520.197 3.57001e+06
686696 505.421 3.56999e+06
686104 222.91 3.56988e+06
